********************************************************************************
STREME - Sensitive, Thorough, Rapid, Enriched Motif Elicitation
********************************************************************************
MEME version 5.5.8 (Release date: Thu May 15 15:01:46 2025 -0700)

For further information on how to interpret these results please access https://meme-suite.org/meme.
To get a copy of the MEME Suite software please access https://meme-suite.org.

********************************************************************************


********************************************************************************
REFERENCE
********************************************************************************
If you use this program in your research, please cite:

Timothy L. Bailey,
"STREME: accurate and versatile sequence motif discovery",
Bioinformatics, Mar. 24, 2021.
********************************************************************************


ALPHABET= ACGT

strands: + -

Background letter frequencies
A 0.333 C 0.167 G 0.167 T 0.333 

MOTIF 1-AAGAAGAAGAA STREME-1
letter-probability matrix: alength= 4 w= 11 nsites= 57 E= 3.8e-002
 0.976496 0.000515 0.000515 0.022474
 0.954896 0.000515 0.000515 0.044073
 0.001031 0.000515 0.997422 0.001031
 0.976496 0.000515 0.000515 0.022474
 0.997938 0.000515 0.000515 0.001031
 0.077220 0.173482 0.748267 0.001031
 0.976496 0.021958 0.000515 0.001031
 0.868970 0.064999 0.064999 0.001031
 0.069237 0.000515 0.929217 0.001031
 0.847048 0.000515 0.151405 0.001031
 0.824812 0.000515 0.151960 0.022712

MOTIF 2-AAATAAAATAAA STREME-2
letter-probability matrix: alength= 4 w= 12 nsites= 69 E= 6.9e-002
 0.893121 0.000494 0.003518 0.102867
 0.927510 0.029556 0.000494 0.042439
 0.894177 0.032106 0.000494 0.073222
 0.008965 0.000494 0.000494 0.990046
 0.870280 0.040498 0.041792 0.047431
 0.968960 0.008983 0.000494 0.021563
 0.901809 0.023632 0.041944 0.032615
 0.822291 0.008983 0.041641 0.127085
 0.059155 0.000494 0.042098 0.898252
 0.937599 0.000494 0.000494 0.061412
 0.928176 0.021067 0.041792 0.008965
 0.894854 0.031430 0.000494 0.073222

MOTIF 3-ACAACAACAAYAACA STREME-3
letter-probability matrix: alength= 4 w= 15 nsites= 39 E= 3.0e-001
 0.836253 0.054367 0.027506 0.081874
 0.001292 0.835607 0.027506 0.135595
 0.916835 0.027506 0.000646 0.055013
 0.970556 0.027506 0.000646 0.001292
 0.108833 0.673950 0.108482 0.108734
 0.997417 0.000646 0.000646 0.001292
 0.916835 0.027506 0.027506 0.028153
 0.001292 0.835607 0.027506 0.135595
 0.970556 0.000646 0.027506 0.001292
 0.970556 0.000646 0.000646 0.028153
 0.055112 0.620032 0.000646 0.324211
 0.943696 0.000646 0.000646 0.055013
 0.916638 0.000646 0.081425 0.001292
 0.001292 0.943049 0.027506 0.028153
 0.593914 0.108088 0.054367 0.243631

MOTIF 4-AAAATAAAAATTT STREME-4
letter-probability matrix: alength= 4 w= 13 nsites= 45 E= 3.0e-001
 0.832541 0.000565 0.000565 0.166329
 0.927237 0.000565 0.071067 0.001130
 0.997740 0.000565 0.000565 0.001130
 0.974239 0.000565 0.000565 0.024631
 0.001130 0.000565 0.000565 0.997740
 0.941042 0.057263 0.000565 0.001130
 0.950738 0.000565 0.000565 0.048132
 0.809647 0.000565 0.024066 0.165723
 0.809213 0.000565 0.189092 0.001130
 0.878834 0.000565 0.024066 0.096536
 0.001130 0.047739 0.000565 0.950566
 0.299664 0.000565 0.047567 0.652205
 0.194996 0.024066 0.000565 0.780373

MOTIF 5-AGAGGCTGTTTCCAA STREME-5
letter-probability matrix: alength= 4 w= 15 nsites= 36 E= 7.4e-001
 0.939400 0.015145 0.015145 0.030309
 0.030309 0.015145 0.924236 0.030309
 0.939400 0.015145 0.015145 0.030309
 0.030309 0.015145 0.924236 0.030309
 0.030309 0.015145 0.924236 0.030309
 0.030309 0.924236 0.015145 0.030309
 0.030309 0.015145 0.015145 0.939400
 0.030309 0.015145 0.924236 0.030309
 0.030309 0.015145 0.015145 0.939400
 0.030309 0.015145 0.015145 0.939400
 0.030309 0.015145 0.015145 0.939400
 0.030309 0.924236 0.015145 0.030309
 0.030309 0.924236 0.015145 0.030309
 0.939400 0.015145 0.015145 0.030309
 0.939400 0.015145 0.015145 0.030309

MOTIF 6-CCTTACCCCTACCC STREME-6
letter-probability matrix: alength= 4 w= 14 nsites= 48 E= 2.0e+000
 0.022558 0.846595 0.000517 0.130329
 0.044081 0.911321 0.022040 0.022558
 0.001035 0.108210 0.022040 0.868715
 0.001035 0.129732 0.108607 0.760625
 0.911839 0.086608 0.000517 0.001035
 0.001035 0.911163 0.000517 0.087284
 0.022558 0.932844 0.022040 0.022558
 0.001035 0.932844 0.000517 0.065603
 0.022558 0.824754 0.000517 0.152171
 0.001035 0.172778 0.087085 0.739102
 0.739658 0.065085 0.022040 0.173217
 0.130648 0.738584 0.000517 0.130250
 0.001035 0.975811 0.000517 0.022637
 0.065603 0.825231 0.000517 0.108649

MOTIF 7-AGTGGGGTCTGR STREME-7
letter-probability matrix: alength= 4 w= 12 nsites= 44 E= 3.5e+000
 0.851342 0.000698 0.117519 0.030441
 0.059914 0.029742 0.908946 0.001397
 0.118217 0.000698 0.000698 0.880387
 0.030441 0.000698 0.938419 0.030441
 0.117788 0.000698 0.851073 0.030441
 0.001397 0.029742 0.967463 0.001397
 0.118003 0.000698 0.879902 0.001397
 0.001397 0.000698 0.029742 0.968162
 0.001397 0.909375 0.000698 0.088530
 0.030441 0.029742 0.000698 0.939118
 0.030441 0.059000 0.821600 0.088959
 0.525480 0.000698 0.472425 0.001397

********************************************************************************
Stopped because 3 consecutive motifs exceeded the p-value threshold (0.05).
********************************************************************************
COMMAND:	streme --oc /users/fyp/fyp5/project/PRJNA945175/meme/subsets/HCRV_up_STREME --dna --minw 8 --maxw 15 --p /users/fyp/fyp5/project/PRJNA945175/promoters/subsets/HCRV_up_promoters_2kb.fa
********************************************************************************
CPU:		compnode2
********************************************************************************
FINALTIME:	48.95 seconds
********************************************************************************
