********************************************************************************
STREME - Sensitive, Thorough, Rapid, Enriched Motif Elicitation
********************************************************************************
MEME version 5.5.8 (Release date: Thu May 15 15:01:46 2025 -0700)

For further information on how to interpret these results please access https://meme-suite.org/meme.
To get a copy of the MEME Suite software please access https://meme-suite.org.

********************************************************************************


********************************************************************************
REFERENCE
********************************************************************************
If you use this program in your research, please cite:

Timothy L. Bailey,
"STREME: accurate and versatile sequence motif discovery",
Bioinformatics, Mar. 24, 2021.
********************************************************************************


ALPHABET= ACGT

strands: + -

Background letter frequencies
A 0.334 C 0.166 G 0.166 T 0.334 

MOTIF 1-AATAAAATAAAA STREME-1
letter-probability matrix: alength= 4 w= 12 nsites= 84 E= 1.1e-002
 0.970034 0.000375 0.028838 0.000753
 0.955460 0.037105 0.000375 0.007060
 0.000753 0.000375 0.063374 0.935498
 0.867924 0.006417 0.000375 0.125284
 0.962070 0.016039 0.000375 0.021515
 0.917205 0.009144 0.006846 0.066805
 0.810861 0.062974 0.035309 0.090855
 0.000753 0.000375 0.052995 0.945877
 0.996193 0.000375 0.000375 0.003056
 0.979521 0.000375 0.000375 0.019728
 0.816784 0.075802 0.000375 0.107039
 0.811872 0.113232 0.066326 0.008570

MOTIF 2-AGAAGAAGAA STREME-2
letter-probability matrix: alength= 4 w= 10 nsites= 130 E= 1.5e-002
 0.870129 0.000298 0.000298 0.129275
 0.149727 0.000298 0.804351 0.045623
 0.931404 0.037702 0.014232 0.016662
 0.963031 0.025144 0.011228 0.000598
 0.057771 0.000298 0.941333 0.000598
 0.909453 0.050352 0.016279 0.023916
 0.891164 0.055265 0.027992 0.025579
 0.000598 0.000298 0.983092 0.016012
 0.868020 0.000298 0.131084 0.000598
 0.992565 0.000298 0.000298 0.006839

MOTIF 3-CCTCCCCAGACCC STREME-3
letter-probability matrix: alength= 4 w= 13 nsites= 89 E= 6.7e-002
 0.013449 0.895663 0.000308 0.090580
 0.051945 0.934298 0.000308 0.013449
 0.129028 0.013163 0.000308 0.857501
 0.026281 0.972793 0.000308 0.000618
 0.103412 0.690074 0.000308 0.206206
 0.026328 0.690098 0.013140 0.270435
 0.000618 0.985625 0.000308 0.013449
 0.658538 0.263546 0.038803 0.039113
 0.219155 0.179999 0.529654 0.071192
 0.735599 0.263475 0.000308 0.000618
 0.000618 0.985602 0.000308 0.013473
 0.000618 0.754537 0.013140 0.231706
 0.000618 0.998457 0.000308 0.000618

MOTIF 4-AAGAGARARAGAGAG STREME-4
letter-probability matrix: alength= 4 w= 15 nsites= 113 E= 7.0e-002
 0.852594 0.009388 0.027758 0.110260
 0.880149 0.018523 0.100887 0.000440
 0.009592 0.000220 0.989748 0.000440
 0.815499 0.000220 0.147234 0.037047
 0.265937 0.000220 0.733403 0.000440
 0.953362 0.000220 0.000220 0.046198
 0.358091 0.000220 0.632097 0.009592
 0.852694 0.000220 0.146645 0.000440
 0.412968 0.027675 0.485704 0.073653
 0.779482 0.009371 0.128342 0.082805
 0.293408 0.000220 0.705932 0.000440
 0.788617 0.009371 0.164965 0.037047
 0.302576 0.000220 0.687612 0.009592
 0.733118 0.000220 0.110056 0.156607
 0.174354 0.045978 0.770076 0.009592

MOTIF 5-AATMGACCCTCGG STREME-5
letter-probability matrix: alength= 4 w= 13 nsites= 52 E= 1.6e-001
 0.937268 0.041034 0.020723 0.000974
 0.876629 0.000486 0.040961 0.081925
 0.000974 0.000486 0.040961 0.957579
 0.468365 0.530176 0.000486 0.000974
 0.000974 0.000486 0.997566 0.000974
 0.998054 0.000486 0.000486 0.000974
 0.000974 0.916616 0.061199 0.021212
 0.021212 0.916542 0.061272 0.000974
 0.142784 0.855756 0.000486 0.000974
 0.162948 0.224731 0.020723 0.591597
 0.041449 0.794823 0.000486 0.163242
 0.021212 0.061199 0.795043 0.122546
 0.203497 0.020723 0.693635 0.082145

MOTIF 6-AAATAATTAA STREME-6
letter-probability matrix: alength= 4 w= 10 nsites= 67 E= 2.5e-001
 0.997236 0.000690 0.000690 0.001384
 0.896116 0.101810 0.000690 0.001384
 0.488152 0.124855 0.204180 0.182813
 0.001384 0.000690 0.000690 0.997236
 0.997236 0.000690 0.000690 0.001384
 0.997236 0.000690 0.000690 0.001384
 0.001384 0.000690 0.000690 0.997236
 0.001384 0.000690 0.000690 0.997236
 0.997236 0.000690 0.000690 0.001384
 0.997236 0.000690 0.000690 0.001384

MOTIF 7-CAACAACAACAACAA STREME-7
letter-probability matrix: alength= 4 w= 15 nsites= 71 E= 3.4e-001
 0.015367 0.867278 0.014857 0.102498
 0.911446 0.014857 0.000348 0.073348
 0.940517 0.014857 0.000348 0.044277
 0.059132 0.657357 0.160738 0.122774
 0.998605 0.000348 0.000348 0.000698
 0.969587 0.000348 0.014857 0.015207
 0.000698 0.919680 0.014857 0.064764
 0.984096 0.000348 0.000348 0.015207
 0.984096 0.000348 0.000348 0.015207
 0.102764 0.671708 0.102386 0.123143
 0.955078 0.000348 0.014857 0.029716
 0.823892 0.058436 0.102465 0.015207
 0.000698 0.998255 0.000348 0.000698
 0.779962 0.087932 0.014857 0.117248
 0.794950 0.102441 0.072893 0.029716

MOTIF 8-CTTACCCCTACCCB STREME-8
letter-probability matrix: alength= 4 w= 14 nsites= 64 E= 3.6e-001
 0.035092 0.912271 0.017545 0.035092
 0.017958 0.034679 0.000411 0.946952
 0.017958 0.017545 0.017545 0.946952
 0.964086 0.034679 0.000411 0.000825
 0.000825 0.878004 0.017545 0.103626
 0.000825 0.912271 0.000411 0.086493
 0.017958 0.895138 0.017545 0.069359
 0.052225 0.929405 0.000411 0.017958
 0.000825 0.068946 0.017545 0.912685
 0.912685 0.000411 0.034679 0.052225
 0.017958 0.877942 0.000411 0.103688
 0.035092 0.895138 0.034679 0.035092
 0.052225 0.638072 0.000411 0.309292
 0.120822 0.343208 0.224468 0.311503

MOTIF 9-AGAGAGGCTGTTTCC STREME-9
letter-probability matrix: alength= 4 w= 15 nsites= 56 E= 3.6e-001
 0.918859 0.079712 0.000476 0.000953
 0.139617 0.000476 0.839145 0.020762
 0.978286 0.020285 0.000476 0.000953
 0.040571 0.000476 0.938191 0.020762
 0.998096 0.000476 0.000476 0.000953
 0.100070 0.000476 0.819265 0.080190
 0.139617 0.059903 0.779718 0.020762
 0.000953 0.839109 0.020285 0.139653
 0.000953 0.020285 0.000476 0.978286
 0.278713 0.000476 0.719859 0.000953
 0.000953 0.059974 0.000476 0.938597
 0.000953 0.000476 0.020285 0.978286
 0.000953 0.000476 0.020285 0.978286
 0.000953 0.858630 0.000476 0.139941
 0.000953 0.977809 0.000476 0.020762

MOTIF 10-GTARTATGTASRCR STREME-10
letter-probability matrix: alength= 4 w= 14 nsites= 52 E= 3.6e-001
 0.022630 0.000518 0.911041 0.065811
 0.001039 0.108471 0.000518 0.889971
 0.997924 0.000518 0.000518 0.001039
 0.478490 0.000518 0.433590 0.087402
 0.001039 0.000518 0.000518 0.997924
 0.781230 0.000518 0.217212 0.001039
 0.001039 0.043700 0.000518 0.954743
 0.087402 0.000518 0.911041 0.001039
 0.087402 0.000518 0.000518 0.911562
 0.933152 0.043700 0.000518 0.022630
 0.001039 0.498597 0.477734 0.022630
 0.435074 0.000518 0.541778 0.022630
 0.087402 0.911041 0.000518 0.001039
 0.563889 0.000518 0.434553 0.001039

MOTIF 11-GACTCGAACTCRMAA STREME-11
letter-probability matrix: alength= 4 w= 15 nsites= 41 E= 3.6e-001
 0.026542 0.025931 0.895662 0.051865
 0.870949 0.000608 0.101901 0.026542
 0.001219 0.870247 0.000608 0.127927
 0.001219 0.076578 0.025931 0.896273
 0.026542 0.920985 0.000608 0.051865
 0.127972 0.000608 0.870201 0.001219
 0.997565 0.000608 0.000608 0.001219
 0.896273 0.000608 0.101901 0.001219
 0.127835 0.819692 0.000608 0.051865
 0.026542 0.076578 0.000608 0.896273
 0.001219 0.844924 0.000608 0.153250
 0.566979 0.000608 0.329901 0.102512
 0.355836 0.490398 0.000608 0.153158
 0.896273 0.051254 0.051254 0.001219
 0.997565 0.000608 0.000608 0.001219

MOTIF 12-ATATATATATATAT STREME-12
letter-probability matrix: alength= 4 w= 14 nsites= 35 E= 7.1e-001
 0.892260 0.012315 0.036684 0.058741
 0.001715 0.000855 0.000855 0.996574
 0.950950 0.000855 0.000855 0.047339
 0.001715 0.000855 0.000855 0.996574
 0.960942 0.000855 0.000855 0.037347
 0.001715 0.000855 0.000855 0.996574
 0.864359 0.000855 0.061741 0.073044
 0.073044 0.061741 0.000855 0.864359
 0.996574 0.000855 0.000855 0.001715
 0.037347 0.000855 0.000855 0.960942
 0.996574 0.000855 0.000855 0.001715
 0.047339 0.000855 0.000855 0.950950
 0.996574 0.000855 0.000855 0.001715
 0.058741 0.036684 0.012315 0.892260

MOTIF 13-AAAAGGAAAAAAA STREME-13
letter-probability matrix: alength= 4 w= 13 nsites= 65 E= 1.4e+000
 0.899507 0.000265 0.099696 0.000532
 0.888423 0.088653 0.000265 0.022658
 0.828676 0.110740 0.011309 0.049276
 0.932677 0.066526 0.000265 0.000532
 0.000532 0.000265 0.834346 0.164857
 0.019366 0.000265 0.979837 0.000532
 0.932637 0.000265 0.000265 0.066832
 0.967711 0.011309 0.000265 0.020715
 0.788972 0.000265 0.210231 0.000532
 0.838607 0.000265 0.160596 0.000532
 0.680480 0.099696 0.055483 0.164341
 0.772407 0.033396 0.143931 0.050267
 0.827684 0.033396 0.127345 0.011575

MOTIF 14-CAGTATARTCCCACA STREME-14
letter-probability matrix: alength= 4 w= 15 nsites= 51 E= 4.6e+000
 0.001018 0.891610 0.000508 0.106864
 0.976812 0.000508 0.021662 0.001018
 0.127980 0.000508 0.870494 0.001018
 0.001018 0.000508 0.000508 0.997966
 0.892197 0.042816 0.063970 0.001018
 0.106788 0.042816 0.000508 0.849889
 0.934504 0.000508 0.021662 0.043326
 0.488018 0.063970 0.362378 0.085634
 0.022172 0.000508 0.000508 0.976812
 0.043326 0.933994 0.000508 0.022172
 0.022172 0.700918 0.021662 0.255249
 0.001018 0.870456 0.000508 0.128018
 0.997966 0.000508 0.000508 0.001018
 0.001018 0.828148 0.000508 0.170326
 0.574504 0.148585 0.021662 0.255249

MOTIF 15-AAATAATATTA STREME-15
letter-probability matrix: alength= 4 w= 11 nsites= 96 E= 5.4e+000
 0.828389 0.000435 0.000435 0.170740
 0.826653 0.000435 0.172038 0.000873
 0.804529 0.063925 0.000435 0.131111
 0.000873 0.000435 0.000435 0.998256
 0.998256 0.000435 0.000435 0.000873
 0.998256 0.000435 0.000435 0.000873
 0.000873 0.000435 0.099016 0.899676
 0.977910 0.000435 0.020782 0.000873
 0.000873 0.083631 0.067414 0.848082
 0.073091 0.000435 0.021462 0.905011
 0.845022 0.040348 0.034552 0.080078

********************************************************************************
Stopped because 3 consecutive motifs exceeded the p-value threshold (0.05).
********************************************************************************
COMMAND:	streme --oc /users/fyp/fyp5/project/PRJNA945175/meme/PRR_STREME --dna --p /users/fyp/fyp5/project/PRJNA945175/promoters/DEG_PRR_promoters_2kb.fa --minw 8 --maxw 15
********************************************************************************
CPU:		compnode2
********************************************************************************
FINALTIME:	132.77 seconds
********************************************************************************
